"2000"	"2001"	"2002"	"2003"	"2004"	"2005"	"2006"	"2007"	"2008"	"2009"	"2010"	"2011"	"2012"	"2013"	"2014"	"2015"	"2016"
"Akaa"	15954	15945	16022	16117	16269	16324	16422	16586	16738	16837	16858	17012	17091	17134	17108	17052	17043
"Alajärvi"	11624	11503	11341	11185	11075	11027	10910	10768	10698	10634	10573	10487	10327	10268	10227	10171	10006
"Alavieska"	2990	2940	2902	2898	2891	2894	2854	2827	2817	2759	2776	2770	2750	2761	2740	2687	2687
"Alavus"	13174	13135	13040	12925	12897	12880	12868	12791	12788	12706	12586	12439	12385	12341	12228	12103	12044
"Asikkala"	8636	8644	8680	8648	8554	8547	8560	8597	8663	8604	8551	8552	8498	8461	8405	8374	8287
"Askola"	4360	4389	4421	4446	4474	4530	4555	4627	4711	4761	4831	4864	4911	4988	4991	5064	5104
"Aura"	3316	3338	3378	3457	3514	3620	3699	3750	3823	3852	3840	3911	3975	3971	3962	3982	3986
"Brändö"	517	514	501	502	515	516	519	520	510	518	498	488	480	476	475	474	470
"Eckerö"	846	830	839	884	895	897	925	929	923	921	924	943	978	960	947	932	935
"Enonkoski"	1909	1871	1819	1793	1747	1738	1713	1696	1677	1651	1617	1615	1566	1532	1522	1503	1473
"Enontekiö"	2225	2145	2100	2073	2022	1998	2000	1997	1965	1915	1882	1876	1893	1880	1891	1890	1861
"Espoo"	209667	213271	216836	221597	224231	227472	231704	235019	238047	241565	244330	247970	252439	256824	260753	265543	269802
"Eura"	13121	12957	12883	12843	12779	12793	12807	12769	12676	12576	12554	12507	12424	12406	12368	12314	12128
"Eurajoki"	5929	5910	5791	5760	5774	5796	5834	5843	5854	5871	5874	5923	5844	5922	5931	5954	5938
"Evijärvi"	3117	3067	3027	2990	2985	2935	2916	2854	2827	2780	2772	2755	2747	2686	2685	2651	2576
"Finström"	2277	2299	2304	2332	2371	2399	2441	2464	2457	2483	2486	2502	2527	2531	2520	2535	2522
"Forssa"	18644	18506	18311	18201	18104	18076	17918	17894	17835	17870	17807	17904	17833	17727	17667	17521	17422
"Föglö"	600	595	589	600	608	607	596	583	582	576	561	580	577	578	572	568	554
"Geta"	482	478	476	470	461	461	444	448	443	456	457	475	492	495	500	494	500
"Haapajärvi"	8300	8236	8179	8153	8083	8013	7882	7848	7850	7771	7714	7639	7609	7641	7616	7479	7438
"Haapavesi"	8075	7983	7894	7851	7818	7753	7680	7529	7515	7493	7396	7418	7384	7283	7241	7175	7167
"Hailuoto"	976	966	972	968	979	986	964	998	987	1028	1019	1004	1004	986	999	997	993
"Halsua"	1602	1547	1536	1499	1498	1456	1441	1405	1379	1351	1323	1289	1275	1248	1229	1222	1225
"Hamina"	21986	21847	21705	21720	21763	21887	21957	21826	21737	21570	21483	21400	21403	21256	21203	21061	20851
"Hammarland"	1348	1351	1373	1379	1365	1387	1384	1423	1409	1440	1463	1508	1526	1522	1540	1531	1537
"Hankasalmi"	5832	5745	5706	5621	5590	5600	5588	5556	5506	5526	5514	5542	5491	5453	5404	5307	5240
"Hanko"	10184	10044	10008	9999	9918	9905	9827	9725	9708	9657	9597	9462	9417	9267	9109	9021	8864
"Harjavalta"	8003	7877	7766	7721	7738	7745	7673	7700	7646	7580	7548	7540	7504	7486	7407	7366	7296
"Hartola"	3894	3837	3818	3783	3740	3692	3671	3572	3572	3466	3388	3355	3292	3205	3098	3071	2982
"Hattula"	9120	9131	9151	9165	9199	9281	9332	9445	9444	9571	9625	9657	9682	9720	9684	9738	9747
"Hausjärvi"	8097	8107	8173	8171	8290	8343	8419	8536	8574	8647	8826	8815	8807	8866	8808	8815	8729
"Heinola"	21351	21178	20958	20940	20887	20910	20729	20604	20612	20545	20374	20258	20164	20051	19979	19695	19575
"Heinävesi"	4687	4578	4529	4514	4451	4403	4311	4239	4152	4065	3975	3912	3827	3742	3667	3638	3574
"Helsinki"	551123	555474	559718	559716	559330	559046	560905	564521	568531	576632	583350	588549	595384	603968	612664	620715	628208
"Hirvensalmi"	2683	2666	2644	2613	2610	2579	2579	2569	2515	2489	2436	2439	2389	2377	2338	2326	2290
"Hollola"	22384	22592	22616	22719	22932	23165	23390	23441	23659	23883	23971	24106	24150	24150	24073	23996	23915
"Honkajoki"	2201	2170	2144	2104	2083	2023	2011	1985	1932	1918	1889	1878	1848	1832	1819	1788	1793
"Huittinen"	11039	10983	10955	10895	10852	10851	10768	10741	10699	10703	10700	10663	10638	10623	10543	10487	10473
"Humppila"	2590	2586	2626	2610	2584	2595	2600	2582	2566	2537	2524	2506	2503	2496	2463	2440	2388
"Hyrynsalmi"	3575	3486	3371	3299	3212	3148	3096	3015	2967	2877	2791	2736	2672	2603	2565	2490	2422
"Hyvinkää"	42325	42545	42736	42997	43169	43523	43848	44310	44652	44987	45270	45489	45527	45592	46188	46366	46463
"Hämeenkyrö"	9904	9897	9915	9939	10009	10089	10186	10238	10276	10327	10436	10489	10533	10500	10582	10610	10667
"Hämeenlinna"	62950	63033	63207	63539	63779	64111	64271	64905	65421	66131	66455	66829	67270	67497	67806	67976	68011
"Ii"	8479	8439	8464	8481	8512	8660	8868	8981	9077	9177	9294	9382	9499	9574	9610	9666	9663
"Iisalmi"	23389	23113	22903	22835	22647	22639	22482	22319	22298	22289	22169	22095	22147	22135	22171	22115	21945
"Iitti"	7511	7534	7415	7376	7321	7336	7265	7246	7208	7093	7061	7005	7002	6955	6981	6950	6910
"Ikaalinen"	7795	7744	7715	7612	7607	7569	7547	7511	7483	7453	7424	7428	7375	7346	7303	7298	7207
"Ilmajoki"	11791	11832	11752	11744	11720	11517	11496	11532	11635	11680	11744	11841	11898	12022	12099	12181	12159
"Ilomantsi"	7274	7129	6939	6804	6690	6538	6422	6313	6203	6052	6022	5883	5834	5693	5614	5504	5336
"Imatra"	30867	30663	30421	30230	29969	29728	29529	29385	29155	28899	28676	28540	28472	28294	28219	28037	27835
"Inari"	7452	7360	7268	7217	7153	7084	7043	6986	6954	6866	6863	6778	6754	6732	6794	6814	6804
"Inkoo"	4838	4873	4975	5034	5080	5152	5310	5378	5460	5575	5609	5546	5561	5538	5562	5560	5541
"Isojoki"	2747	2694	2661	2643	2619	2592	2552	2540	2518	2458	2406	2400	2354	2290	2257	2198	2123
"Isokyrö"	5207	5151	5097	5085	5065	5074	5044	5041	5016	4991	4953	4965	4936	4886	4854	4842	4785
"Janakkala"	15409	15419	15401	15483	15517	15661	15871	16115	16405	16589	16795	16892	16960	16921	16842	16840	16853
"Joensuu"	70868	71013	71257	71359	71800	71991	72292	72253	72105	72433	72704	73305	73758	74168	74471	75041	75514
"Jokioinen"	5659	5677	5663	5641	5672	5731	5754	5725	5768	5767	5753	5720	5676	5643	5595	5516	5425
"Jomala"	3288	3328	3356	3433	3444	3508	3614	3664	3774	3917	4022	4098	4249	4355	4424	4560	4648
"Joroinen"	5937	5880	5822	5752	5723	5645	5619	5596	5495	5476	5423	5394	5342	5291	5213	5178	5110
"Joutsa"	5565	5450	5391	5343	5268	5210	5213	5187	5180	5122	5093	5053	4958	4898	4857	4782	4688
"Juankoski"	5948	5892	5815	5740	5685	5622	5583	5508	5454	5374	5273	5170	5146	5093	4995	4882	4804
"Juuka"	6677	6583	6486	6372	6238	6177	6034	5940	5832	5762	5705	5589	5453	5324	5203	5140	5034
"Juupajoki"	2400	2371	2308	2248	2252	2275	2224	2205	2206	2173	2116	2094	2046	2023	2039	2033	1988
"Juva"	7827	7671	7541	7449	7446	7403	7369	7324	7213	7135	7064	6962	6902	6783	6684	6616	6548
"Jyväskylä"	114848	116519	118380	119620	121245	122974	124205	125221	126546	128028	129623	130816	132062	133482	134658	135780	137368
"Jämijärvi"	2351	2308	2286	2276	2246	2226	2183	2161	2149	2103	2063	2041	2003	1986	1971	1997	1948
"Jämsä"	25232	25023	24896	24761	24621	24509	24327	23612	23398	23167	22949	22691	22507	22354	22138	21808	21542
"Järvenpää"	35459	35915	36380	36602	37114	37328	37505	37629	37989	38288	38708	38680	38966	39646	39953	40390	40900
"Kaarina"	26359	26746	27287	27535	27846	28404	28967	29462	29928	30347	30760	30911	31081	31363	31798	32148	32590
"Kaavi"	3866	3776	3700	3660	3651	3630	3596	3552	3490	3457	3429	3377	3385	3315	3261	3214	3194
"Kajaani"	39238	38912	38739	38562	38345	38318	38217	38027	38089	38132	38211	38157	38045	37973	37868	37791	37622
"Kalajoki"	12451	12376	12275	12219	12231	12265	12282	12318	12487	12535	12540	12562	12616	12625	12644	12632	12621
"Kangasala"	25285	25630	25922	26341	26778	27303	27927	28407	28809	29282	29522	29675	29891	30126	30345	30471	30607
"Kangasniemi"	6730	6679	6587	6494	6419	6315	6251	6215	6131	6091	6024	5964	5865	5839	5801	5693	5628
"Kankaanpää"	13159	13018	13001	12848	12782	12692	12618	12578	12405	12314	12224	12135	12078	11957	11972	11883	11769
"Kannonkoski"	1759	1741	1689	1664	1634	1630	1627	1645	1610	1609	1587	1577	1544	1553	1520	1475	1462
"Kannus"	6175	6106	6047	6047	5978	5961	5937	5892	5844	5745	5793	5737	5697	5736	5675	5643	5590
"Karijoki"	1797	1760	1736	1707	1686	1693	1673	1617	1579	1574	1529	1521	1527	1514	1462	1409	1369
"Karkkila"	8741	8753	8746	8765	8764	8802	8807	8920	8996	9076	9109	9209	9190	9119	9074	8977	8969
"Karstula"	5261	5137	5039	4957	4904	4858	4801	4739	4691	4618	4564	4507	4462	4376	4343	4286	4268
"Karvia"	3059	3008	2974	2954	2914	2875	2825	2779	2776	2728	2672	2643	2599	2545	2523	2491	2475
"Kaskinen"	1503	1564	1552	1543	1558	1519	1482	1505	1485	1478	1442	1429	1404	1382	1350	1324	1285
"Kauhajoki"	15028	14831	14716	14676	14596	14544	14465	14457	14428	14379	14384	14269	14191	14167	14081	14007	13875
"Kauhava"	19226	18967	18788	18606	18495	18453	18248	18077	17974	17773	17545	17308	17265	17202	17065	16908	16784
"Kauniainen"	8549	8532	8543	8582	8622	8465	8457	8469	8511	8545	8617	8689	8807	8910	9101	9357	9486
"Kaustinen"	4437	4414	4438	4432	4432	4393	4348	4332	4298	4313	4298	4302	4280	4287	4288	4283	4305
"Keitele"	3005	2972	2943	2916	2831	2803	2760	2692	2642	2618	2563	2542	2524	2476	2427	2398	2379
"Kemi"	23967	23689	23424	23236	23056	22907	22831	22771	22669	22594	22580	22537	22399	22257	22120	21929	21758
"Kemijärvi"	10743	10484	10138	9936	9759	9529	9293	9065	8882	8658	8519	8418	8295	8093	7983	7892	7766
"Keminmaa"	9027	8930	8861	8898	8889	8863	8926	8829	8712	8636	8606	8573	8572	8585	8565	8469	8388
"Kemiönsaari"	7709	7663	7619	7560	7529	7491	7462	7425	7383	7303	7298	7191	7173	7075	7012	6943	6909
"Kempele"	12087	12551	12877	13229	13633	13982	14475	14917	15218	15320	15652	15864	16182	16383	16605	16889	17066
"Kerava"	30137	30270	30482	30709	31170	31361	31544	32305	33181	33546	33833	34282	34549	34491	34913	35317	35293
"Keuruu"	11974	11870	11705	11510	11395	11260	11180	11005	10919	10896	10757	10666	10574	10488	10310	10177	10117
"Kihniö"	2455	2433	2392	2392	2408	2366	2353	2305	2280	2223	2257	2226	2179	2147	2111	2080	2038
"Kinnula"	2165	2117	2072	2015	1977	1940	1933	1901	1864	1852	1820	1821	1816	1764	1769	1766	1745
"Kirkkonummi"	29275	29694	30274	30937	31695	32772	33581	34389	35141	35981	36509	36942	37192	37567	37899	38220	38649
"Kitee"	13474	13283	13127	12957	12774	12589	12462	12316	12207	12010	11861	11666	11515	11341	11197	10986	10832
"Kittilä"	5901	5819	5820	5797	5820	5833	5840	5887	5967	6039	6115	6183	6279	6388	6478	6470	6416
"Kiuruvesi"	10503	10358	10187	10074	9988	9864	9745	9639	9515	9400	9318	9157	9063	8989	8866	8752	8600
"Kivijärvi"	1628	1610	1568	1514	1489	1452	1424	1441	1402	1363	1365	1364	1334	1303	1259	1244	1200
"Kokemäki"	8816	8714	8605	8555	8456	8420	8365	8277	8217	8148	8080	7987	7922	7893	7769	7702	7591
"Kokkola"	44177	44182	44048	44093	44168	44296	44627	44874	45348	45644	45896	46260	46585	46773	47031	47278	47570
"Kolari"	4061	3981	3908	3911	3871	3862	3828	3792	3796	3860	3854	3839	3836	3853	3885	3840	3848
"Konnevesi"	3259	3217	3218	3197	3175	3154	3099	3057	3027	2978	2971	2963	2924	2904	2846	2831	2757
"Kontiolahti"	11335	11517	11759	11930	12103	12339	12768	12996	13326	13490	13677	13722	14000	14245	14422	14681	14827
"Korsnäs"	2266	2246	2237	2227	2219	2199	2208	2205	2240	2219	2239	2260	2249	2232	2218	2219	2201
"KoskiTl"	2572	2550	2553	2553	2559	2545	2528	2511	2485	2470	2450	2436	2441	2450	2423	2438	2399
"Kotka"	55238	54846	54768	54622	54618	54759	54838	54607	54679	54694	54775	54824	54831	54873	54771	54518	54319
"Kouvola"	92129	91550	91226	90861	90497	90227	89924	89397	88813	88436	88174	88072	87567	87296	86926	86453	85855
"Kristiinankaupunki"	8252	8084	8006	7934	7836	7760	7662	7514	7389	7262	7254	7157	7096	7055	7001	6845	6793
"Kruunupyy"	6868	6846	6803	6809	6794	6811	6800	6700	6716	6716	6720	6731	6681	6666	6682	6662	6682
"Kuhmo"	11348	11167	10951	10767	10630	10449	10271	10072	9943	9798	9636	9492	9334	9240	9104	8950	8806
"Kuhmoinen"	3023	2973	2948	2917	2880	2838	2805	2731	2703	2639	2589	2554	2505	2438	2409	2374	2334
"Kumlinge"	431	405	404	399	387	371	355	359	366	360	372	364	361	338	330	328	317
"Kuopio"	103028	102998	103523	103799	104164	104403	104625	104909	105259	105844	106526	107166	107773	108962	110113	111289	112117
"Kuortane"	4534	4457	4414	4366	4282	4230	4185	4167	4073	4019	3983	3943	3906	3849	3819	3727	3715
"Kurikka"	24697	24406	24165	24069	24001	23820	23650	23476	23423	23092	22903	22811	22625	22466	22309	22073	21734
"Kustavi"	1019	1008	980	973	953	941	930	912	901	910	881	874	886	889	869	892	895
"Kuusamo"	17891	17729	17634	17580	17394	17193	17113	17000	16899	16775	16669	16492	16373	16167	15952	15823	15688
"Kyyjärvi"	1827	1793	1777	1777	1739	1693	1646	1612	1575	1558	1536	1508	1503	1469	1431	1399	1379
"Kärkölä"	5010	5048	4978	4948	4990	5019	4974	4953	4926	4927	4875	4882	4798	4772	4755	4647	4604
"Kärsämäki"	3238	3207	3154	3106	3107	3091	3025	3000	2986	2970	2918	2872	2819	2760	2721	2696	2658
"Kökar"	312	296	292	307	293	296	303	298	284	262	261	259	249	245	251	254	250
"Lahti"	111423	111656	112141	112652	112991	113070	113203	113637	114315	115124	115919	116582	117335	118098	118349	118644	118743
"Laihia"	7449	7414	7443	7532	7471	7522	7564	7665	7664	7692	7794	7870	7933	7993	8007	8068	8090
"Laitila"	8870	8821	8779	8685	8581	8569	8569	8526	8484	8470	8442	8440	8408	8460	8487	8542	8520
"Lapinjärvi"	3058	3011	2995	2981	2977	2979	2937	2945	2929	2934	2926	2872	2848	2829	2820	2779	2774
"Lapinlahti"	11153	11082	10953	10804	10748	10683	10581	10618	10542	10555	10477	10412	10386	10289	10176	10093	9982
"Lappajärvi"	4134	4051	3945	3853	3792	3746	3670	3608	3564	3517	3495	3440	3436	3383	3317	3259	3215
"Lappeenranta"	70256	70587	70918	71101	71223	71301	71435	71440	71475	71740	71814	71982	72133	72424	72658	72794	72875
"Lapua"	14198	14055	13955	13998	14002	14012	14081	14100	14178	14234	14326	14428	14530	14650	14692	14733	14609
"Laukaa"	16467	16548	16634	16756	16929	17068	17193	17385	17609	17763	17975	18142	18286	18481	18588	18709	18865
"Lemi"	3130	3137	3149	3121	3137	3109	3107	3052	3056	3059	3041	3064	3068	3059	3130	3116	3073
"Lemland"	1553	1585	1618	1670	1662	1694	1695	1731	1773	1783	1782	1814	1860	1883	1926	1943	1991
"Lempäälä"	15964	16331	16761	17098	17397	17733	18248	18702	19271	19753	20178	20588	20888	21440	21829	22233	22536
"Leppävirta"	11208	11085	11073	11044	11038	10970	10967	10921	10885	10760	10633	10556	10405	10274	10170	10015	9953
"Lestijärvi"	1030	1040	1002	982	973	956	955	942	904	881	860	853	847	835	818	817	798
"Lieksa"	15479	15208	14985	14657	14396	14080	13722	13505	13181	12918	12788	12687	12585	12399	12303	12117	11772
"Lieto"	15775	16090	16301	16537	16726	16943	17063	17367	17549	17713	17981	18205	18634	18982	19128	19209	19263
"Liminka"	5639	5735	5910	6186	6475	7039	7484	7963	8399	8576	8861	9037	9164	9432	9577	9740	9937
"Liperi"	11481	11479	11430	11426	11471	11641	11750	11850	11940	12056	12133	12271	12286	12397	12396	12335	12338
"Lohja"	43338	43786	44120	44249	44674	44863	45361	45747	46180	46627	46963	47341	47374	47516	47703	47624	47353
"Loimaa"	17638	17585	17560	17414	17363	17365	17300	17256	17177	17102	17005	16916	16848	16737	16700	16607	16467
"Loppi"	7501	7578	7579	7630	7732	7823	7964	8006	8122	8146	8244	8273	8377	8336	8341	8291	8175
"Loviisa"	15920	15833	15712	15659	15633	15668	15683	15749	15765	15694	15549	15595	15552	15519	15493	15480	15311
"Luhanka"	956	936	917	915	905	893	881	847	852	837	834	831	802	773	763	761	761
"Lumijoki"	1683	1686	1698	1741	1767	1798	1856	1890	1895	1941	1994	1994	2037	2059	2084	2074	2076
"Lumparland"	358	377	381	367	383	379	387	387	387	387	391	394	399	392	413	418	398
"Luoto"	4055	4111	4128	4181	4251	4323	4393	4473	4572	4651	4719	4816	4921	4966	5065	5107	5147
"Luumäki"	5328	5328	5371	5357	5299	5274	5297	5216	5200	5179	5179	5147	5119	5022	4992	4949	4860
"Luvia"	3324	3323	3288	3283	3269	3306	3325	3337	3321	3317	3315	3322	3353	3360	3355	3340	3349
"Maalahti"	5661	5638	5602	5583	5549	5554	5542	5519	5515	5549	5614	5605	5614	5586	5580	5573	5545
"Maarianhamina"	10492	10488	10609	10632	10626	10712	10780	10824	10902	11005	11123	11190	11262	11345	11393	11479	11461
"Marttila"	2123	2135	2093	2102	2081	2097	2064	2073	2035	2030	2019	1994	1998	2017	2056	2070	2028
"Masku"	7589	7763	7928	8100	8264	8410	8606	8779	9093	9383	9516	9455	9585	9671	9729	9767	9706
"Merijärvi"	1398	1370	1339	1336	1312	1303	1273	1264	1239	1187	1209	1202	1199	1176	1153	1150	1134
"Merikarvia"	3870	3811	3774	3717	3656	3649	3582	3494	3455	3437	3411	3347	3304	3269	3226	3246	3185
"Miehikkälä"	2574	2540	2547	2538	2502	2447	2433	2413	2370	2297	2278	2210	2169	2177	2145	2123	2085
"Mikkeli"	55212	55222	55074	54908	54826	54760	54728	54719	54521	54440	54435	54455	54530	54519	54635	54605	54665
"Muhos"	7796	7799	7811	7919	7969	8191	8240	8472	8646	8751	8856	8857	8909	8948	8998	8986	9063
"Multia"	2170	2153	2109	2079	2065	2036	2020	1994	1963	1953	1919	1890	1847	1816	1777	1763	1710
"Muonio"	2565	2512	2474	2460	2465	2442	2418	2403	2363	2360	2377	2401	2369	2394	2383	2375	2358
"Mustasaari"	16521	16614	16748	16865	17028	17240	17369	17641	17936	18112	18338	18637	18868	19012	19153	19287	19302
"Muurame"	7906	8101	8264	8407	8510	8597	8672	8881	8990	9178	9231	9256	9438	9569	9572	9700	9791
"Mynämäki"	7839	7870	7906	7947	8009	8046	8058	8009	8031	8026	8039	8041	8044	7978	7950	7917	7859
"Myrskylä"	2036	2004	1974	1992	2012	2036	2033	2050	2026	2010	2021	2006	2008	1992	1987	1985	1969
"Mäntsälä"	16363	16628	16908	17203	17473	17899	18226	18650	18980	19432	19747	19975	20131	20478	20534	20621	20685
"Mänttä-Vilppula"	12933	12738	12612	12379	12270	12124	11982	11881	11767	11645	11496	11413	11308	11122	10898	10723	10604
"Mäntyharju"	7202	7131	7120	7061	7013	6915	6862	6701	6647	6570	6475	6456	6393	6356	6287	6266	6159
"Naantali"	16630	16743	17009	17100	17437	17563	17788	17987	18117	18391	18544	18807	18871	18824	18859	18871	18961
"Nakkila"	6111	6094	6019	5964	5941	5859	5832	5768	5758	5782	5716	5788	5780	5747	5706	5651	5651
"Nivala"	11151	11079	11022	10919	10901	10839	10889	10950	10976	10984	11023	11025	11051	10985	10942	10945	10876
"Nokia"	26691	26905	27298	27653	28090	28604	29147	29740	30485	30951	31357	31647	32056	32354	32690	32847	33162
"Nousiainen"	4159	4189	4203	4269	4333	4425	4518	4633	4763	4809	4824	4865	4814	4846	4872	4844	4859
"Nurmes"	9921	9781	9646	9430	9299	9193	9151	8950	8816	8674	8573	8508	8359	8308	8191	8082	7996
"Nurmijärvi"	32335	33104	34029	34791	35922	36568	37391	38006	38633	39018	39628	39937	40349	40719	41178	41577	41897
"Närpiö"	9856	9769	9632	9651	9575	9515	9463	9432	9443	9505	9464	9435	9412	9380	9335	9389	9387
"Orimattila"	15658	15629	15772	15872	15903	15948	16154	16205	16205	16276	16353	16309	16369	16300	16347	16288	16326
"Oripää"	1359	1342	1317	1326	1346	1343	1335	1332	1362	1393	1403	1414	1422	1434	1423	1417	1377
"Orivesi"	8898	8886	8917	8902	8839	8890	8929	9486	9555	9632	9634	9617	9590	9571	9630	9579	9408
"Oulainen"	8267	8203	8188	8219	8198	8129	8101	8086	7998	8047	7931	7889	7916	7847	7772	7725	7610
"Oulu"	156917	160851	164224	166415	168549	170912	173436	175286	177276	179901	182528	185419	188114	190847	193798	196291	198525
"Outokumpu"	8343	8155	8024	7955	7840	7803	7758	7743	7688	7551	7492	7411	7377	7343	7262	7172	7139
"Padasjoki"	3988	3879	3842	3746	3721	3637	3639	3597	3531	3513	3448	3423	3369	3333	3279	3197	3143
"Paimio"	9797	9815	9792	9880	9791	9808	9876	10000	10010	10145	10334	10402	10471	10591	10590	10628	10620
"Paltamo"	4530	4420	4348	4217	4220	4219	4183	4093	4071	3998	3917	3884	3807	3743	3620	3564	3488
"Parainen"	15372	15295	15269	15241	15281	15283	15298	15368	15373	15405	15490	15501	15505	15561	15507	15494	15457
"Parikkala"	6832	6653	6579	6468	6353	6271	6227	6151	6070	6007	5885	5787	5664	5591	5509	5373	5235
"Parkano"	7947	7807	7758	7620	7499	7471	7340	7213	7132	7115	7069	6978	6982	6918	6836	6808	6766
"Pedersörenkunta"	10150	10258	10260	10310	10406	10511	10566	10623	10665	10757	10821	10893	10937	10940	10970	11060	11129
"Pelkosenniemi"	1263	1243	1213	1216	1180	1152	1113	1076	1063	1046	1025	1008	973	963	966	947	958
"Pello"	4949	4830	4649	4625	4586	4524	4477	4361	4216	4114	4021	3980	3912	3819	3739	3676	3623
"Perho"	3230	3155	3101	3070	3038	3005	3044	3004	3017	3020	2986	2934	2910	2923	2923	2893	2931
"Pertunmaa"	2160	2178	2203	2175	2167	2115	2102	2059	2019	1979	1983	1936	1910	1857	1842	1832	1817
"Petäjävesi"	3766	3780	3758	3721	3691	3682	3703	3748	3859	3887	3979	4022	4065	4095	4125	4081	4008
"Pieksämäki"	22338	22040	21774	21491	21264	21127	20966	20746	20476	20304	20151	19869	19700	19407	19288	19051	18801
"Pielavesi"	6059	5916	5822	5747	5633	5550	5482	5367	5292	5249	5147	5087	5006	4926	4824	4787	4740
"Pietarsaari"	19730	19636	19519	19457	19431	19467	19521	19557	19569	19667	19627	19656	19623	19680	19633	19577	19436
"Pihtipudas"	5303	5225	5139	5046	4996	4984	4917	4843	4784	4700	4613	4563	4500	4441	4354	4261	4221
"Pirkkala"	12358	12736	13280	13684	14322	14560	14875	15268	15788	16154	16515	17237	17763	18128	18369	18689	18913
"Polvijärvi"	5470	5411	5346	5224	5154	5048	5008	4941	4931	4843	4821	4804	4778	4728	4664	4609	4556
"Pomarkku"	2692	2639	2644	2608	2595	2578	2528	2515	2536	2512	2482	2460	2415	2373	2340	2275	2240
"Pori"	84850	84573	84439	84306	84561	84491	84455	84456	84523	84614	84844	85026	85078	85201	85399	85418	85363
"Pornainen"	4041	4131	4186	4339	4433	4569	4760	4851	4914	4975	5067	5107	5122	5137	5145	5148	5125
"Porvoo"	44616	44969	45403	45730	46217	46793	46982	47404	47832	48227	48599	48768	48833	49028	49426	49728	49928
"Posio"	4792	4602	4526	4458	4393	4319	4247	4200	4087	4020	3945	3874	3818	3738	3647	3633	3477
"Pudasjärvi"	10231	10044	9907	9794	9674	9561	9380	9217	9142	9031	8947	8827	8695	8620	8537	8399	8257
"Pukkila"	1944	1921	1936	1949	1979	1992	2024	2018	2022	2025	2004	2024	2016	2047	2036	2013	1971
"Punkalaidun"	3770	3743	3655	3615	3552	3523	3450	3423	3405	3373	3333	3281	3236	3203	3173	3117	3049
"Puolanka"	3953	3846	3706	3602	3560	3472	3408	3337	3225	3183	3123	3063	2997	2931	2878	2824	2776
"Puumala"	3070	3041	3014	2931	2867	2864	2807	2758	2723	2645	2549	2477	2419	2374	2319	2306	2260
"Pyhtää"	5277	5253	5209	5222	5209	5167	5138	5141	5140	5123	5316	5355	5372	5377	5384	5354	5321
"Pyhäjoki"	3672	3617	3564	3578	3554	3502	3478	3430	3400	3353	3373	3393	3361	3311	3356	3290	3211
"Pyhäjärvi"	6860	6734	6600	6445	6321	6285	6271	6244	6124	6081	6001	5946	5887	5849	5731	5562	5505
"Pyhäntä"	1958	1911	1889	1861	1845	1820	1834	1799	1763	1701	1648	1633	1584	1566	1545	1562	1587
"Pyhäranta"	2320	2311	2267	2290	2276	2251	2218	2223	2215	2236	2233	2236	2206	2199	2177	2136	2136
"Pälkäne"	6635	6682	6625	6632	6693	6737	6861	6895	6970	6989	7012	6950	6882	6838	6795	6722	6676
"Pöytyä"	8365	8332	8303	8304	8340	8339	8371	8351	8405	8397	8459	8494	8474	8569	8590	8619	8562
"Raahe"	26909	26766	26540	26276	26018	25907	25746	25671	25678	25809	25674	25656	25652	25659	25507	25383	25165
"Raasepori"	28364	28436	28480	28488	28482	28418	28396	28531	28731	28834	28944	29065	28959	28829	28695	28674	28405
"Raisio"	23122	23149	23216	23322	23430	23594	23799	23967	24077	24147	24191	24427	24559	24562	24565	24371	24290
"Rantasalmi"	4647	4587	4534	4514	4435	4409	4371	4321	4261	4145	4076	3996	3949	3921	3872	3815	3733
"Ranua"	5204	5052	4922	4903	4885	4871	4715	4632	4512	4428	4407	4337	4262	4227	4154	4093	4020
"Rauma"	41257	41001	40827	40828	40623	40453	40381	40292	40053	39747	39793	39715	39820	39842	39979	39970	39809
"Rautalampi"	3952	3867	3816	3779	3723	3707	3678	3603	3592	3538	3520	3475	3481	3444	3426	3374	3303
"Rautavaara"	2469	2377	2301	2240	2182	2137	2090	2061	1988	1949	1918	1872	1848	1813	1784	1768	1737
"Rautjärvi"	4693	4619	4556	4496	4422	4336	4273	4221	4176	4096	4037	3937	3832	3784	3682	3626	3537
"Reisjärvi"	3337	3274	3259	3206	3162	3127	3106	3065	3039	2990	3020	2973	2996	2961	2925	2901	2894
"Riihimäki"	26106	26173	26268	26341	26654	26847	27069	27503	28023	28536	28587	28803	29018	29215	29318	29350	29269
"Ristijärvi"	1826	1796	1748	1716	1686	1659	1626	1608	1575	1548	1521	1513	1489	1450	1427	1416	1351
"Rovaniemi"	57619	57253	56991	56894	56955	57500	57835	58099	58825	59353	59848	60090	60637	60877	61215	61551	61838
"Ruokolahti"	6283	6204	6142	6051	6029	5937	5897	5882	5732	5730	5733	5668	5595	5577	5507	5404	5312
"Ruovesi"	5761	5683	5591	5526	5457	5431	5398	5314	5195	5132	5101	5038	4940	4868	4771	4689	4623
"Rusko"	5052	5174	5335	5408	5488	5598	5654	5708	5724	5758	5822	5816	5870	5907	5995	6045	6110
"Rääkkylä"	3172	3175	3076	3020	2960	2936	2838	2778	2735	2671	2625	2554	2532	2490	2467	2435	2349
"Saarijärvi"	11767	11624	11489	11358	11276	11130	11048	10929	10801	10730	10666	10580	10380	10258	10165	10084	9915
"Salla"	5289	5142	4970	4822	4782	4683	4571	4479	4364	4308	4231	4162	4052	3979	3890	3781	3727
"Salo"	52218	52604	52852	52854	53029	53236	53672	54082	54469	54777	54889	55235	55283	54858	54478	54238	53890
"Saltvik"	1674	1679	1721	1714	1747	1723	1739	1706	1731	1753	1792	1802	1810	1823	1813	1825	1829
"Sastamala"	26358	26195	26016	25857	25865	25863	25847	25848	25893	25813	25746	25764	25763	25747	25511	25372	25220
"Sauvo"	2856	2851	2846	2871	2888	2896	2931	2915	2950	3027	3040	3045	3043	3033	3032	2999	3019
"Savitaipale"	4432	4396	4324	4293	4224	4162	4126	4132	4071	4023	3957	3863	3789	3764	3729	3667	3613
"Savonlinna"	40033	39575	39255	39072	38865	38689	38451	38214	37762	37410	37204	37059	36854	36584	36256	35944	35523
"Savukoski"	1530	1472	1434	1415	1385	1329	1303	1266	1244	1216	1181	1179	1156	1127	1126	1103	1061
"Seinäjoki"	50372	50670	51159	51705	52379	53274	53965	54616	55356	56211	57024	57811	58703	59556	60354	60880	61530
"Sievi"	5119	5151	5149	5184	5194	5210	5192	5213	5257	5307	5278	5310	5285	5241	5198	5154	5124
"Siikainen"	2002	1947	1886	1895	1866	1816	1800	1794	1744	1677	1686	1654	1661	1641	1632	1593	1527
"Siikajoki"	6169	6061	5997	5916	5904	5830	5808	5827	5823	5759	5776	5682	5639	5597	5593	5526	5466
"Siikalatva"	7255	7146	7083	6984	6888	6782	6688	6575	6520	6394	6293	6179	6061	5983	5857	5816	5677
"Siilinjärvi"	19584	19742	19760	19885	20119	20234	20271	20609	20750	20769	20964	21010	21311	21431	21567	21668	21794
"Simo"	3924	3891	3791	3759	3717	3655	3621	3597	3588	3546	3496	3489	3441	3429	3356	3296	3238
"Sipoo"	17160	17477	17760	18177	18397	18444	18719	19060	19470	17840	18036	18253	18526	18739	18914	19034	19399
"Siuntio"	4714	4853	4918	4997	5158	5312	5422	5578	5780	5871	6024	6104	6148	6170	6183	6199	6182
"Sodankylä"	10105	9922	9674	9489	9373	9336	9216	9081	8982	8872	8801	8779	8806	8834	8884	8820	8782
"Soini"	2813	2799	2733	2717	2682	2667	2614	2580	2526	2455	2429	2391	2360	2329	2284	2273	2224
"Somero"	9799	9789	9676	9676	9680	9684	9606	9524	9491	9465	9402	9330	9268	9229	9146	9173	9093
"Sonkajärvi"	5396	5272	5155	5070	5007	4995	4951	4900	4825	4706	4694	4671	4600	4493	4454	4336	4278
"Sotkamo"	11237	11106	10894	10766	10715	10701	10713	10738	10716	10719	10703	10702	10697	10682	10659	10598	10523
"Sottunga"	122	129	128	132	134	131	127	120	116	115	125	119	103	101	100	101	99
"Sulkava"	3523	3456	3413	3363	3306	3257	3196	3149	3087	3033	2965	2938	2876	2844	2794	2789	2724
"Sund"	1004	1013	1013	1030	1039	1024	1031	1033	1052	1031	1032	1019	1032	1035	1029	1035	1031
"Suomussalmi"	11236	11003	10740	10548	10376	10248	10071	9848	9632	9435	9332	9156	8943	8813	8661	8486	8336
"Suonenjoki"	8203	8048	7992	7886	7787	7836	7766	7741	7678	7607	7611	7598	7577	7496	7456	7419	7390
"Sysmä"	5003	4915	4851	4780	4716	4697	4655	4629	4578	4509	4391	4305	4261	4178	4139	4097	4040
"Säkylä"	8262	8118	7981	7932	7896	7882	7885	7795	7685	7624	7573	7527	7477	7381	7255	7186	7070
"Taipalsaari"	4704	4712	4701	4723	4802	4844	4895	4962	4964	4914	4888	4911	4855	4840	4826	4798	4815
"Taivalkoski"	5224	5127	5031	4940	4869	4779	4728	4663	4621	4546	4491	4459	4422	4313	4251	4231	4199
"Taivassalo"	1846	1821	1778	1759	1766	1762	1742	1748	1730	1708	1692	1700	1690	1682	1667	1645	1633
"Tammela"	6357	6362	6424	6451	6440	6484	6505	6582	6650	6617	6628	6591	6554	6542	6474	6395	6280
"Tampere"	193174	195468	197774	199823	200966	202932	204337	206368	207866	209552	211507	213217	215168	217421	220446	223004	225118
"Tervo"	2010	1994	1951	1925	1920	1890	1835	1790	1792	1750	1744	1706	1700	1704	1669	1627	1608
"Tervola"	3953	3895	3864	3781	3729	3710	3679	3659	3550	3476	3462	3444	3387	3339	3306	3239	3195
"Teuva"	6686	6620	6508	6403	6340	6307	6220	6158	6158	6077	5962	5923	5847	5767	5656	5543	5482
"Tohmajärvi"	5969	5873	5791	5711	5588	5511	5446	5346	5239	5161	5079	5008	4992	4897	4876	4794	4738
"Toholampi"	3841	3797	3745	3678	3664	3665	3667	3643	3590	3536	3493	3480	3485	3426	3381	3354	3311
"Toivakka"	2396	2368	2368	2364	2390	2373	2353	2359	2347	2367	2379	2418	2475	2455	2466	2472	2431
"Tornio"	22719	22617	22456	22155	22198	22204	22297	22299	22373	22487	22426	22513	22545	22489	22371	22322	22199
"Turku"	172107	172561	173686	174618	175059	174824	174868	175354	175286	175582	176087	177326	178630	180225	182072	183824	185908
"Tuusniemi"	3260	3204	3171	3083	3037	3031	2998	2983	2934	2877	2864	2864	2820	2795	2802	2750	2719
"Tuusula"	31168	31957	32915	33377	33952	34513	34890	35434	35968	36386	36766	37214	37667	37936	38125	38198	38459
"Tyrnävä"	4953	5035	5119	5248	5378	5616	5732	5916	6087	6148	6320	6416	6462	6613	6642	6735	6793
"Ulvila"	14187	14118	14044	13991	13879	13934	13803	13767	13702	13707	13692	13606	13554	13470	13361	13322	13352
"Urjala"	5714	5703	5612	5596	5556	5524	5565	5513	5491	5414	5362	5335	5246	5174	5105	4984	4928
"Utajärvi"	3388	3334	3290	3279	3263	3231	3223	3188	3108	3045	3014	2998	2951	2950	2945	2907	2861
"Utsjoki"	1412	1394	1401	1402	1385	1367	1363	1361	1335	1322	1302	1297	1294	1285	1279	1260	1250
"Uurainen"	3117	3125	3112	3111	3078	3096	3137	3157	3265	3321	3382	3455	3507	3569	3594	3611	3666
"Uusikaarlepyy"	7529	7492	7458	7431	7450	7436	7375	7404	7399	7429	7452	7458	7516	7531	7524	7533	7564
"Uusikaupunki"	17216	17019	16851	16696	16405	16260	16198	16059	15926	15886	15873	15833	15685	15499	15463	15567	15510
"Vaala"	4138	4041	3976	3894	3829	3751	3718	3612	3561	3470	3400	3370	3314	3250	3193	3139	3074
"Vaasa"	61464	61470	61716	61613	61705	61729	61889	62269	62695	63329	63915	64345	65173	65674	66321	66965	67619
"Valkeakoski"	20626	20493	20424	20419	20474	20472	20408	20394	20394	20542	20631	20844	21022	21172	21129	21162	21332
"Valtimo"	3088	3002	2927	2877	2816	2769	2671	2588	2541	2508	2482	2458	2437	2421	2379	2362	2324
"Vantaa"	176386	178471	179856	181890	184039	185429	187281	189711	192522	195397	197636	200055	203001	205312	208098	210803	214605
"Varkaus"	25101	24890	24731	24546	24366	24269	23946	23643	23405	23182	22935	22777	22606	22340	22107	21860	21638
"Vehmaa"	2515	2539	2509	2491	2470	2448	2464	2468	2448	2445	2400	2378	2353	2324	2330	2339	2276
"Vesanto"	2865	2812	2752	2697	2675	2689	2583	2548	2477	2437	2412	2426	2390	2328	2288	2244	2191
"Vesilahti"	3391	3421	3481	3596	3663	3675	3831	3949	4086	4248	4365	4345	4383	4437	4473	4492	4489
"Veteli"	3853	3811	3754	3696	3690	3637	3593	3540	3518	3501	3482	3466	3405	3382	3332	3342	3302
"Vieremä"	4457	4361	4294	4246	4155	4143	4125	4095	4054	4062	3985	3982	3962	3930	3874	3816	3757
"Vihti"	23611	23858	24214	24732	24954	25561	25935	26427	27040	27628	27869	28311	28581	28674	28929	28995	28919
"Viitasaari"	8010	7915	7800	7728	7602	7524	7458	7445	7406	7330	7195	7174	7065	6957	6895	6780	6666
"Vimpeli"	3602	3553	3469	3458	3403	3415	3414	3387	3332	3302	3298	3255	3222	3205	3171	3106	3073
"Virolahti"	3918	3904	3837	3772	3752	3718	3641	3611	3617	3541	3530	3516	3485	3487	3435	3399	3347
"Virrat"	8442	8236	8161	8077	7982	7943	7851	7778	7693	7629	7612	7514	7453	7384	7280	7157	7002
"Vårdö"	402	409	404	406	417	425	426	434	444	449	445	452	449	422	433	439	441
"Vöyri"	5917	5841	5808	5746	5736	5726	5706	6663	6683	6628	6686	6689	6743	6680	6691	6705	6714
"Ylitornio"	5652	5535	5404	5330	5314	5275	5184	5095	4943	4847	4807	4731	4650	4556	4482	4348	4291
"Ylivieska"	13276	13248	13235	13220	13185	13343	13482	13571	13650	13803	13895	14067	14266	14533	14748	14976	15039
"Ylöjärvi"	25070	25299	25747	26060	26502	27178	27876	28466	29148	29762	30175	30500	30942	31515	31743	32260	32738
"Ypäjä"	2757	2735	2706	2654	2677	2678	2678	2659	2641	2630	2584	2565	2550	2509	2483	2468	2411
"Ähtäri"	7255	7215	7133	7060	7000	6964	6885	6857	6758	6620	6565	6482	6412	6363	6271	6178	6068
"Äänekoski"	20898	20713	20543	20425	20457	20384	20345	20341	20404	20325	20243	20244	20334	20265	20077	19909	19646
